
TIME    TEMP   VCCINT   VCCBRAM   VCCAUX   VP     VN    VAUXP[0]   VAUXN[0]   VAUXP[1]   VAUXN[1]   VAUXP[2]   VAUXN[2]   VAUXP[3]   VAUXN[3]   VAUXP[4]   VAUXN[4]   VAUXP[5]   VAUXN[5]   VAUXP[6]   VAUXN[6]   VAUXP[7]   VAUXN[7]   VAUXP[8]   VAUXN[8]   VAUXP[9]   VAUXN[9]   VAUXP[10]   VAUXN[10]   VAUXP[11]   VAUXN[11]   VAUXP[12]   VAUXN[12]   VAUXP[13]   VAUXN[13]   VAUXP[14]   VAUXN[14]   VAUXP[15]   VAUXN[15]
0    	63.0  	1.02  	1.02  	   1.8     0.5    0.0  	0.5  		0.0    0.5    	  0.0		0.5    	0.0		0.5    	0.0	0.5    		0.0	0.0    	    0.0		0.0    	0.0		0.0    	0.0	0.0    		0.0    	0.0	  0.0    	0.0	0.0    		0.0	0.0    	  	0.07	0.0    		0.0	0.0    		0.0	0.0		0.0	0.0 //
1000000 63.0  	1.02  	1.02  	   1.8     0.5    0.0  	0.5  		0.0    0.5    	  0.0		0.5    	0.0		0.5    	0.0	0.76    	0.0	0.0    	    0.0		0.0    	0.0		0.0    	0.0	0.0    		0.0    	0.0	  0.0    	0.0	0.0    		0.0	0.0    	  	0.15	0.0    		0.0	0.0    		0.0	0.0		0.0	0.0 //
2000000 63.0  	1.02  	1.02  	   1.8     0.5    0.0  	0.5  		0.0    0.5    	  0.0		0.5    	0.0		0.5    	0.0	0.93    	0.0	0.0    	    0.0		0.0    	0.0		0.0    	0.0	0.0    		0.0    	0.0	  0.0    	0.0	0.0    		0.0	0.0    	  	0.22	0.0    		0.0	0.0    		0.0	0.0		0.0	0.0 //
3000000 63.0  	1.02  	1.02  	   1.8     0.5    0.0  	0.5  		0.0    0.5    	  0.0		0.5    	0.0		0.5    	0.0	0.93    	0.0	0.0    	    0.0		0.0    	0.0		0.0    	0.0	0.0    		0.0    	0.0	  0.0    	0.0	0.0    		0.0	0.0    	  	0.31	0.0    		0.0	0.0    		0.0	0.0		0.0	0.0 //
4000000 63.0  	1.02  	1.02  	   1.8     0.5    0.0  	0.5  		0.0    0.5    	  0.0		0.5    	0.0		0.5    	0.0	0.76    	0.0	0.0    	    0.0		0.0    	0.0		0.0    	0.0	0.0    		0.0    	0.0	  0.0    	0.0	0.0    		0.0	0.0    	  	0.38	0.0    		0.0	0.0    		0.0	0.0		0.0	0.0 //
5000000 63.0  	1.02  	1.02  	   1.8     0.5    0.0  	0.5  		0.0    0.5    	  0.0		0.5    	0.0		0.5    	0.0	0.50    	0.0	0.0    	    0.0		0.0    	0.0		0.0    	0.0	0.0    		0.0    	0.0	  0.0    	0.0	0.0    		0.0	0.0    	  	0.46	0.0    		0.0	0.0    		0.0	0.0		0.0	0.0 //
6000000 63.0  	1.02  	1.02  	   1.8     0.5    0.0  	0.5  		0.0    0.5    	  0.0		0.5    	0.0		0.5    	0.0	0.24    	0.0	0.0    	    0.0		0.0    	0.0		0.0    	0.0	0.0    		0.0    	0.0	  0.0    	0.0	0.0    		0.0	0.0    	  	0.53	0.0    		0.0	0.0    		0.0	0.0		0.0	0.0 //
7000000 63.0  	1.02  	1.02  	   1.8     0.5    0.0  	0.5  		0.0    0.5    	  0.0		0.5    	0.0		0.5    	0.0	0.07    	0.0	0.0    	    0.0		0.0    	0.0		0.0    	0.0	0.0    		0.0    	0.0	  0.0    	0.0	0.0    		0.0	0.0    	  	0.61	0.0    		0.0	0.0    		0.0	0.0		0.0	0.0 //
8000000 63.0  	1.02  	1.02  	   1.8     0.5    0.0  	0.5  		0.0    0.5    	  0.0		0.5    	0.0		0.5    	0.0	0.07    	0.0	0.0    	    0.0		0.0    	0.0		0.0    	0.0	0.0    		0.0    	0.0	  0.0    	0.0	0.0    		0.0	0.0    	  	0.69	0.0    		0.0	0.0    		0.0	0.0		0.0	0.0 //
9000000 63.0  	1.02  	1.02  	   1.8     0.5    0.0  	0.5  		0.0    0.5    	  0.0		0.5    	0.0		0.5    	0.0	0.24    	0.0	0.0    	    0.0		0.0    	0.0		0.0    	0.0	0.0    		0.0    	0.0	  0.0    	0.0	0.0    		0.0	0.0    	  	0.76	0.0    		0.0	0.0    		0.0	0.0		0.0	0.0 //
10000000 63.0  	1.02  	1.02  	   1.8     0.5    0.0  	0.5  		0.0    0.5    	  0.0		0.5    	0.0		0.5    	0.0	0.5	    	0.0	0.0    	    0.0		0.0    	0.0		0.0    	0.0	0.0    		0.0    	0.0	  0.0    	0.0	0.0    		0.0	0.0    	  	0.83	0.0    		0.0	0.0    		0.0	0.0		0.0	0.0 //
11000000 63.0  	1.02  	1.02  	   1.8     0.5    0.0  	0.5  		0.0    0.5    	  0.0		0.5    	0.0		0.5    	0.0	0.76	    	0.0	0.0    	    0.0		0.0    	0.0		0.0    	0.0	0.0    		0.0    	0.0	  0.0    	0.0	0.0    		0.0	0.0    	  	0.90	0.0    		0.0	0.0    		0.0	0.0		0.0	0.0 //
12000000 63.0  	1.02  	1.02  	   1.8     0.5    0.0  	0.5  		0.0    0.5    	  0.0		0.5    	0.0		0.5    	0.0	0.93	    	0.0	0.0    	    0.0		0.0    	0.0		0.0    	0.0	0.0    		0.0    	0.0	  0.0    	0.0	0.0    		0.0	0.0    	  	0.98	0.0    		0.0	0.0    		0.0	0.0		0.0	0.0 //
62380000 63.0  	1.02  	1.02  	   1.8     0.5    0.0  	0.5  		0.0    0.5    	  0.0		0.5    	0.0		0.5    	0.0	0.93	    	0.0	0.0    	    0.0		0.0    	0.0		0.0    	0.0	0.0    		0.0    	0.0	  0.0    	0.0	0.0    		0.0	0.0    	  	0.72	0.0    		0.0	0.0    		0.0	0.0		0.0	0.0 //  